372
745
1045
308
2129
587
1301
1157
1838
1499
908
2502
2088
524
134
1456
577
1355
2055
1078
2148
1532
197
382
2127
972
643
324
2692
1320
860
2293
361
721
559
2588
885
2780
2351
1292
1488
753
2669
952
1576
2567
1628
2533
2500
2178
2709
1088
878
2616
2018
2390
2556
2200
167
1049
2152
325
1598
1363
102
1895
1239
1929
1782
2223
898
2611
900
1427
1084
575
1615
1646
41
1404
1154
2185
2675
2676
1426
1117
51
1916
1802
2416
2648
1021
2809
750
2081
2368
852
788
2428
585
412
1075
2036
2048
1861
1972
2667
1028
657
2553
672
619
723
2518
1956
1565
540
1131
691
2196
1682
728
1087
1312
175
1605
1758
113
1603
2302
999
178
2056
2658
646
148
452
2161
1767
2515
1545
235
1637
1425
1828
1259
1267
666
1258
684
194
699
2240
2131
2300
1381
1713
847
927
875
184
91
773
1557
1439
1930
310
1812
1998
2751
196
2701
2551
388
2246
1980
688
121
1057
342
2813
90
1380
2520
1332
557
647
1123
484
2523
609
106
2113
532
1892
2159
858
2469
667
2535
1580
519
330
686
1048
2281
1857
439
1815
1197
2160
2572
649
2827
1158
1215
192
2008
264
1673
1794
550
2710
161
467
2029
1558
1731
2107
2283
1283
806
1715
1821
949
530
879
1762
678
2338
1391
53
283
1638
1351
2743
2834
1365
787
2593
889
1111
2550
2484
1835
1793
2526
831
510
424
893
2501
1954
1592
2689
561
1705
2505
1518
40
2024
1829
1689
1696
1015
199
464
2323
1166
1453
755
2207
32
1451
1664
2591
2536
1173
570
887
2714
2545
1385
2458
2663
2782
845
353
2181
947
2239
2828
914
23
1723
1999
1026
2670
110
1636
1791
2521
857
338
1640
343
1338
1000
1819
1196
2592
2528
1827
2195
2331
1399
2004
1978
1596
30
1135
1222
2183
2734
2450
1687
2343
1113
1881
417
2472
68
1163
2832
763
1116
1360
1830
2208
2047
2167
1631
2341
152
2603
2222
1771
2044
1281
953
770
1370
895
1329
1079
1095
1393
2289
1014
2705
1928
759
1948
1991
2643
370
1390
402
1274
1620
39
2702
2748
29
2291
118
345
1436
2456
2688
471
1597
1013
2773
574
2384
2641
2046
2756
591
195
1816
1602
1475
445
2766
1103
2135
2615
564
1559
2510
896
2797
1814
2072
485
1698
2128
2651
897
1481
1373
633
899
1661
1560
44
990
1680
2284
2682
2437
1571
568
2467
2605
716
1062
2379
1704
50
126
2770
877
2525
746
2033
416
2398
153
2172
2365
2068
1585
1232
2612
1192
2575
2440
1212
640
1971
1939
523
72
2824
2273
498
784
354
2504
1931
1951
732
1555
2357
332
2584
1727
2075
2079
1904
864
2230
880
2177
1356
1144
1858
1479
2203
2067
2796
902
2788
2204
1656
2103
1581
1901
246
2471
2559
2741
2190
2713
1334
2399
1101
1328
2684
1695
840
1246
613
1268
911
2155
932
1379
2715
2742
2548
774
2305
1331
139
323
7
1323
2657
2445
1244
2028
851
1309
1042
1647
711
2041
2356
2527
1155
293
2386
545
1387
2586
1629
2614
155
459
1511
1849
317
970
58
987
1701
886
1003
2034
1442
2546
1466
2010
252
1255
882
2071
2347
1832
1231
580
2252
2285
1575
1934
2069
2697
2367
2150
737
399
2040
1403
1429
2541
2781
2639
1985
1202
1880
358
2369
1296
1271
1797
1493
1220
2259
2344
836
1308
2451
2779
441
327
2830
1846
2153
1175
766
1375
2679
362
1740
1162
1314
1205
188
1362
2073
1189
2210
2473
817
1944
2441
2362
2519
892
1665
1046
1552
390
2371
2136
584
2798
2820
2206
706
1344
959
1409
33
534
56
1288
2242
101
2783
955
1434
2424
1107
1153
973
2534
1609
2547
1083
2382
1149
422
2189
98
346
1441
114
1573
1584
980
2268
224
781
2642
31
966
703
2307
1548
2708
2121
1468
1377
49
1198
2712
2829
1102
211
109
1229
1781
2304
2280
1959
85
2599
771
1983
2728
1888
1243
2064
380
2238
1420
1635
2549
2133
652
1937
1350
222
1032
1804
2754
1649
2123
1562
1852
1855
186
1865
986
1319
198
1718
407
2030
1183
1447
1950
2142
2235
611
495
779
944
793
2516
1803
1396
1388
802
1535
1226
316
2718
1152
1818
2633
475
409
1177
2477
1874
2191
1529
447
279
1733
517
1340
816
730
137
910
318
537
2226
331
151
2623
1912
615
1099
253
1969
463
1012
164
240
2681
1275
2003
785
22
958
2272
1115
1206
1016
969
2301
1534
2328
1754
710
605
84
300
2395
543
838
1483
1941
489
2137
292
174
234
1645
1996
273
249
1091
82
2704
1009
2233
1593
1106
768
988
856
1720
751
1946
2817
1347
1729
1786
2319
2
1098
2795
752
2234
1369
1730
2321
2685
1841
2512
694
617
486
2061
1228
2120
957
373
1927
2435
1955
1577
1709
2134
465
733
2635
66
54
2589
1136
1414
1870
2370
79
2831
735
2673
1428
419
472
1310
1300
2132
2493
470
597
500
1223
579
572
1923
1469
1085
929
1989
2791
1961
520
1030
2789
130
544
1413
946
1940
588
2205
1574
1973
1238
1055
2622
627
1339
941
1587
1668
2100
1994
536
930
1706
1982
2297
2126
1394
2019
2412
1510
392
1474
1052
1324
1022
2345
1503
2290
2664
2691
2170
1125
2011
2671
653
1752
61
1614
119
994
2391
1692
2482
1805
2202
2083
810
2117
2311
1354
406
830
1820
410
1968
2839
1913
321
2216
2192
16
1251
75
2465
1352
2610
2147
1919
2747
2077
1384
2352
233
2461
2410
525
1186
296
2313
549
2583
937
181
1247
873
230
607
1072
547
289
509
2224
440
1889
2359
1974
1201
1654
697
894
2408
2552
1051
2275
2636
1448
103
539
1676
1374
159
415
2765
1039
1306
1180
492
1065
2653
2394
170
1520
1514
28
1914
2513
2532
2811
1337
943
527
1050
872
2625
680
1612
104
1383
2312
629
1159
434
2677
881
88
641
461
1756
1840
702
1879
133
2626
478
1685
2339
1848
1613
83
2154
1249
915
976
2607
1945
2732
2258
2409
1714
1650
2326
2730
2110
1887
1761
1327
142
2499
2168
1242
2232
2618
742
2794
1240
1018
2427
1076
190
938
805
1245
1282
2317
2764
1859
1777
2086
25
1679
2447
2373
351
1096
132
1595
1866
169
891
1134
2353
476
1639
1868
2529
1604
1894
1494
1276
1182
2762
2332
821
1093
801
227
2496
673
2349
1550
515
2683
309
2604
2017
1263
436
548
2381
1690
1043
1346
2778
2833
834
2180
1736
1419
2698
725
442
586
2380
185
1728
1688
1484
1068
2053
1942
1599
967
625
1120
52
487
968
2340
1241
1357
799
2151
100
1395
1470
2012
379
157
1663
1071
2054
1741
1625
2594
474
1891
2574
558
63
1200
229
2320
1546
251
2724
665
992
1486
45
726
626
848
1132
2478
846
1796
277
1218
10
1168
2124
604
339
2096
2095
336
9
1408
306
1004
1422
707
2295
904
2274
829
1908
2098
983
1190
2050
1702
105
123
909
1963
2266
2602
2463
1478
2601
187
427
1877
1225
1164
1799
2265
1772
2013
996
1684
2446
394
512
1024
518
2621
951
2514
2396
1086
671
1641
431
1719
8
965
1683
648
1911
2703
2062
1724
638
1917
1843
80
1693
2481
1707
2355
989
162
269
656
2286
2231
2358
1235
1626
1358
1070
2186
2725
692
276
367
1041
2619
2506
1872
533
1549
2804
448
95
2166
1353
2566
2507
2600
2413
1265
389
628
1726
931
1495
2587
1108
2576
1194
1886
1435
1208
1170
1077
2244
1073
115
1059
2483
924
578
288
1589
156
1237
1277
1138
1254
1775
1697
2026
210
2045
764
687
855
541
1616
859
1766
849
2420
281
206
2271
796
1104
689
1025
839
490
1869
2215
469
1513
1634
1033
1053
1883
1938
2051
1568
1416
674
2810
1833
2459
797
2746
592
598
1817
1297
2774
2388
2777
298
319
2606
2524
396
236
305
2145
1787
2840
366
1133
1590
97
69
2693
2509
1721
2217
508
1452
780
290
2043
2169
46
426
1293
1700
1813
2554
2624
1601
245
2436
556
267
2236
2454
398
1318
997
761
177
934
2417
1747
1768
1632
2261
553
741
2491
748
1842
501
757
311
2632
2821
2649
2640
1691
2638
1743
2455
863
2197
1957
1066
360
1213
1899
1227
1044
1139
747
2392
1749
189
1551
825
903
454
795
2087
926
1670
1876
1834
2539
34
453
2094
2262
736
1234
62
1509
975
709
77
258
239
714
2406
2176
1867
1063
1233
528
146
2229
1261
614
2694
1536
1
1792
2350
658
340
679
374
494
718
865
818
637
2841
979
1875
1619
1674
765
664
1997
2571
12
334
2007
218
912
37
256
2025
1118
1801
820
1440
2816
1122
1485
727
1979
828
2139
1578
1191
15
13
43
1521
581
2363
1010
2146
964
1181
462
1397
2630
1962
2487
993
1058
2421
704
1660
2315
2387
1489
2377
582
1662
1465
149
1527
2106
286
1651
2404
683
1089
1686
960
2542
1540
1984
2237
2372
1860
2438
425
2733
21
1148
1402
2717
207
1290
1272
2173
1400
2561
1471
282
67
832
2375
405
1744
247
2644
874
2752
1884
1497
2058
2250
2324
193
2729
1825
2474
1611
794
827
2118
2020
1210
2674
698
2711
2479
17
2696
1140
2228
2449
985
2517
1882
1143
869
758
2182
2716
2731
344
352
1371
1864
2784
2807
219
2279
2194
516
738
1119
1160
26
2772
595
1537
2476
108
1006
238
1411
2021
1958
393
2738
514
809
271
2492
1910
214
147
48
2808
299
901
1054
1335
962
1508
906
1378
243
2002
1915
1990
935
359
182
2563
2393
1142
2503
631
371
1755
2171
337
1898
1582
2655
2270
1137
430
1764
499
365
1458
928
551
1502
2049
2122
2786
635
212
800
1273
1217
808
1326
221
1964
1965
446
1056
2303
435
1732
4
1652
835
2543
1423
2654
302
1008
1027
1785
2668
2799
612
2076
377
819
18
2422
2767
265
1467
2209
916
2115
59
2490
645
479
259
408
884
2423
2736
144
356
1405
255
117
176
2099
150
563
1519
163
1789
2366
381
2245
2838
554
1094
2158
1594
480
1530
2130
506
1266
1477
1130
303
2432
2750
644
719
1415
1648
1517
420
1343
1712
2059
2488
1672
621
1970
444
1746
278
708
917
661
599
2659
2091
1069
1498
850
712
2565
364
1291
1236
2822
1080
1298
782
457
566
458
693
1924
497
1500
1092
2411
1252
294
1017
2009
2629
888
2322
636
2555
2014
112
1694
504
1675
1188
2213
939
2568
2407
1112
1630
1893
843
116
769
1583
27
1001
2165
272
1184
1005
491
923
120
1851
209
1317
1523
804
2825
734
2027
1926
65
883
2434
2577
2330
1544
268
287
995
2719
2001
1947
1644
1561
1986
1839
982
2101
1172
483
1588
2374
833
250
696
375
125
2140
2598
2497
630
228
2757
2452
1591
1677
2218
2753
1780
1624
1905
2453
2251
1430
862
304
363
274
1187
634
522
977
593
432
280
2175
2443
2582
920
1753
2442
786
1783
676
1037
1667
166
2537
2418
2256
2383
1382
2299
2628
64
1038
1286
78
1285
2620
2540
2287
111
2662
3
2306
1406
2015
2585
275
312
767
961
1410
1031
1826
376
2057
254
1359
842
2595
179
1525
225
1742
717
92
1716
1949
1105
1921
754
1935
2448
261
596
1710
2093
2085
1995
168
513
1699
1260
815
154
2792
205
2511
2557
2138
1209
861
2744
1450
2084
1896
2248
5
122
1161
2740
204
57
2462
55
397
2419
2348
2686
918
348
307
2800
1199
700
1023
2426
2376
1307
216
2759
270
383
2558
2414
86
2065
905
6
183
1773
731
128
682
171
1299
1417
907
2090
1763
1179
1407
1193
158
948
2308
2149
1361
1890
2269
1738
203
242
2037
2538
685
1933
60
449
1897
2755
1506
333
2771
1438
2334
1567
2609
775
2164
347
1216
1082
315
1462
1302
744
2823
1903
1623
2336
1289
1981
701
1330
2354
1250
940
1657
135
385
2102
724
1837
2672
531
1081
42
1570
925
2785
837
590
481
1606
1572
395
789
2665
2187
783
2627
2039
853
1460
1543
1461
2596
659
201
2489
1325
73
950
1824
335
208
1480
76
824
411
127
96
2288
660
1459
2793
231
1398
107
2530
2760
1809
378
2722
740
2678
1203
868
1798
1090
2201
2631
2498
418
1443
1853
822
2119
213
1366
1311
94
99
2494
803
232
871
1507
2112
2199
2214
650
1522
1482
2707
2508
1722
1029
921
266
223
991
2735
677
1128
2292
391
1669
2333
2739
2480
555
1287
38
1219
1932
1622
2801
284
87
2439
138
1627
369
1036
2220
2608
215
526
1977
2342
1807
1316
466
1788
1750
867
1734
350
217
160
1831
2310
1109
2666
2531
314
2486
565
2125
93
326
1185
140
19
651
945
2787
1862
1725
2360
2097
20
2444
129
2143
623
2460
503
743
2397
1262
2570
1918
2737
610
2092
414
357
624
2837
488
1751
1129
1515
1047
2263
2564
870
1988
670
505
455
1808
355
1336
2264
1412
1473
2109
2590
669
1844
2074
2726
675
1401
1708
1501
1064
1556
1368
681
1165
1195
2700
2276
974
1966
1035
749
421
1681
1538
2162
1444
1678
2247
2485
2430
2468
1464
2650
1541
433
1795
1211
1745
2721
297
1011
2346
1526
978
2723
1759
172
2389
1151
2690
428
1449
413
2211
1341
1909
451
191
1810
24
762
2163
2544
2298
2105
2695
2212
443
2814
1376
529
368
1790
981
141
2647
913
2415
2141
2111
1607
2249
1554
2464
535
2114
2403
2219
1490
807
404
1167
1900
322
811
2805
601
2776
1666
2078
1178
2329
2318
456
608
1147
477
1920
2660
1121
1823
2613
2431
1304
1617
2661
2835
1348
1221
1547
715
589
173
2253
1305
616
1386
2023
2225
1457
2000
2063
632
2254
1372
1114
1770
1214
1800
1806
1873
1303
2560
2720
1643
2637
468
668
2522
291
2282
1608
2775
890
1566
285
1476
1061
2573
70
1424
1487
622
1902
1533
2188
437
2260
1034
722
263
1019
328
226
2812
2066
2727
1171
1757
1885
2818
1539
2243
237
1600
1389
776
1491
1953
2385
1960
1127
1270
1610
956
1364
2706
2309
36
1553
2335
1717
690
313
450
2597
2032
560
1976
200
2826
1784
1854
493
1542
2327
729
2277
1760
2687
2031
876
2652
655
2401
1952
798
760
482
1642
756
1418
2806
1280
1421